0.63631,1
0.43852,1
0.33565,1
0.51092,1
0.25951,1
0.72361,1
0.54084,1
0.4245,1
0.4422,1
0.69889,1
0.29259,1
0.46096,1
0.60489,1
0.36322,1
0.51141,1
0.45234,1
0.43017,1
0.53112,1
0.32189,1
0.50505,1
0.47136,1
0.18975,1
0.50201,1
0.42501,1
0.42438,1
0.66221,1
0.56415,1
0.31782,1
0.65438,1
0.35886,1
0.69351,1
0.62234,1
0.46176,1
0.43022,1
0.48374,1
0.7086,1
0.48407,1
0.52991,1
0.26891,1
0.33554,1
0.35432,1
0.38589,1
0.3541,1
0.60154,1
0.28968,1
0.59944,1
0.53517,1
0.50324,1
0.52958,1
0.602,1
0.3088,1
0.58525,1
0.70528,1
0.67986,1
0.30604,1
0.43898,1
0.49453,1
0.84857,1
0.48414,1
0.72122,1
0.52756,1
0.20087,1
0.75241,1
0.6873,1
0.5104,1
0.38833,1
0.59145,1
0.39273,1
0.52406,1
0.31818,1
0.57386,1
0.44988,1
0.55841,1
0.55548,1
0.50773,1
0.47535,1
0.68701,1
0.74593,1
0.68434,1
0.4862,1
0.49319,1
0.19658,1
0.7328,1
0.73297,1
0.80801,1
0.53406,1
0.81058,1
0.8015,1
1.0074,1
0.79297,1
0.87099,1
0.61592,1
0.33387,1
0.51805,1
0.34793,1
0.49913,1
0.6076,1
0.56393,1
0.48812,1
0.47092,1
0.49427,1
0.29668,1
0.67388,1
0.59388,1
0.58213,1
0.3988,1
0.53468,1
0.67456,1
0.54568,1
0.74873,1
0.56359,1
0.58283,1
0.83638,1
0.82094,1
0.90369,1
0.53663,1
0.45906,1
0.70447,1
0.49296,1
0.67342,1
0.4448,1
0.47068,1
0.67162,1
0.66365,1
0.30972,1
0.77021,1
0.62589,1
0.28911,1
0.70403,1
0.48267,1
0.2876,1
0.67252,1
0.39719,1
0.60035,1
0.40342,1
0.67425,1
0.66775,1
0.46187,1
0.72735,1
0.49932,1
0.18978,1
0.51976,1
0.52539,1
0.40717,1
0.32533,1
0.43177,1
0.29287,1
0.74829,1
0.55447,1
0.61373,1
0.44899,1
0.23495,1
0.46232,1
0.33986,1
0.32934,1
0.44049,1
0.25369,1
0.65752,1
0.56969,1
0.31865,1
0.49585,1
0.34422,1
0.56686,1
0.50257,1
0.35287,1
0.57419,1
0.39624,1
0.36366,1
0.31101,1
0.45416,1
0.32134,1
0.5074,1
0.38236,1
0.41537,1
0.39581,1
0.61635,1
0.28929,1
0.56656,1
0.74449,1
0.40866,1
0.58441,1
0.39682,1
0.53157,1
0.46185,1
0.74552,1
0.57409,1
0.37779,1
0.84364,1
0.60951,1
0.51134,1
0.8074,1
0.54695,1
0.75167,1
0.78094,1
0.40456,1
0.54528,1
0.503,1
0.43858,1
0.44381,1
0.63086,1
0.22995,1
0.78895,1
0.6208,1
0.54223,1
0.64847,1
0.44597,1
0.6975,1
0.43589,1
0.65218,1
0.47646,1
0.41824,1
0.37829,1
0.61911,1
0.37544,1
0.665,1
0.24691,1
0.43575,1
0.50785,1
0.54246,1
0.61086,1
0.32659,1
0.41866,1
0.51368,1
0.59406,1
0.62226,1
0.66231,1
0.7983,1
0.5706,1
0.54546,1
0.66289,1
0.26303,1
0.58558,1
0.57645,1
0.36394,1
0.74005,1
0.62764,1
0.63287,1
0.45847,1
0.34487,1
0.48421,1
0.44388,1
0.40811,1
0.36485,1
0.35786,1
0.50875,1
0.63929,1
0.48831,1
0.22369,1
0.41234,1
0.3982,1
0.5767,1
0.39505,1
0.70755,1
0.36707,1
0.53699,1
0.56595,1
0.41228,1
0.65555,1
0.45227,1
0.65734,1
0.84408,1
0.39833,1
0.5223,1
0.48168,1
0.60224,1
0.53928,1
0.52667,1
0.57558,1
0.79056,1
0.29936,1
0.24831,1
0.25217,1
0.59727,1
0.51718,1
0.57685,1
0.68901,1
0.35137,1
0.34602,1
0.771,1
0.5791,1
0.45579,1
0.47116,1
0.56072,1
0.63988,1
0.90603,1
0.60279,1
0.63095,1
0.55716,1
0.57687,1
0.52437,1
0.5585,1
0.72931,1
0.46215,1
0.67306,1
0.53881,1
0.51427,1
0.45433,1
0.30029,1
0.47122,1
0.42395,1
0.64066,1
0.77609,1
0.58104,1
0.4844,1
0.47164,1
0.72343,1
0.28505,1
0.52223,1
0.83652,1
0.62132,1
0.45257,1
0.63234,1
0.53977,1
0.28828,1
0.41977,1
0.55824,1
0.73193,1
0.65133,1
0.5118,1
0.59251,1
0.50288,1
0.62156,1
0.52174,1
0.47471,1
0.45896,1
0.70052,1
0.71543,1
0.36797,1
0.39676,1
0.36987,1
0.43548,1
0.16204,1
0.52293,1
0.56854,1
0.5987,1
0.75323,1
0.83242,1
0.45717,1
0.52429,1
0.65217,1
0.53231,1
0.56584,1
0.62493,1
0.44474,1
0.69356,1
0.59107,1
0.2888,1
0.59632,1
0.84358,1
0.40673,1
0.59984,1
0.65674,1
0.43488,1
0.44074,1
0.40654,1
0.40067,1
0.734,1
0.51195,1
0.15393,1
0.35137,1
0.82326,1
0.53745,1
0.46559,1
0.38477,1
0.45296,1
0.71574,1
0.28203,1
0.56223,1
0.38932,1
0.30526,1
0.30082,1
0.52742,1
0.75336,1
0.31574,1
0.44155,1
0.43461,1
0.59832,1
0.50153,1
0.73463,1
0.59717,1
0.68524,1
0.52891,1
0.25602,1
0.56021,1
0.45923,1
0.55965,1
0.5784,1
0.48656,1
0.22432,1
0.63731,1
0.38533,1
0.48486,1
0.45829,1
0.81069,1
0.59852,1
0.56715,1
0.39917,1
0.4834,1
0.29754,1
0.66334,1
0.41547,1
0.39165,1
0.44912,1
0.49416,1
0.82901,1
0.25444,1
0.40359,1
0.55006,1
0.61826,1
0.31288,1
0.16686,1
0.49096,1
0.75521,1
0.42855,1
0.49941,1
0.38413,1
0.33866,1
0.49874,1
0.65418,1
0.17872,1
0.55538,1
0.6972,1
0.64379,1
0.66801,1
0.27574,1
0.66375,1
0.47889,1
0.7177,1
0.77014,1
0.37187,1
0.53908,1
0.61855,1
0.34993,1
0.6358,1
0.463,1
0.41586,1
0.41199,1
0.5141,1
0.53071,1
0.53688,1
0.44121,1
0.64911,1
0.77535,1
0.48997,1
0.6011,1
0.58074,1
0.68465,1
1.0004,1
0.26986,1
0.41738,1
0.41461,1
0.52168,1
0.7055,1
0.86243,1
0.46102,1
0.24438,1
0.47655,1
0.39506,1
0.59128,1
0.49813,1
0.33118,1
0.47854,1
0.26202,1
0.76598,1
0.41322,1
0.46141,1
0.39506,1
0.91199,1
0.59504,1
0.49967,1
0.66706,1
0.63117,1
0.56159,1
0.53727,1
0.3169,1
0.49885,1
0.24963,1
0.44734,1
0.38289,1
0.38333,1
0.39399,1
0.61507,1
0.4322,1
0.57363,1
0.59932,1
0.39446,1
0.57404,1
0.7166,1
0.39409,1
0.29597,1
0.54442,1
0.24772,1
0.69047,1
0.51688,1
0.81572,1
0.64933,1
0.35638,1
0.50916,1
0.63602,1
0.49049,1
0.65979,1
0.46273,1
0.77272,1
0.47735,1
0.71453,1
0.50963,1
0.62482,1
0.45753,1
0.46328,1
0.50873,1
0.62256,1
0.8249,1
0.69157,1
0.41986,1
0.52469,1
0.71369,1
0.66554,1
0.42582,1
0.57705,1
0.4845,1
0.13326,1
0.67621,1
0.23385,1
0.7953,1
0.56818,1
0.58759,1
0.7347,1
0.73718,1
0.57585,1
0.43722,1
0.6969,1
0.76751,1
0.45784,1
0.50111,1
0.54257,1
0.48246,1
0.71934,1
0.73091,1
0.57011,1
0.60386,1
0.61474,1
0.75057,1
0.51475,1
0.8134,1
0.36054,1
0.78205,1
0.4268,1
0.76581,1
0.69095,1
0.78069,1
0.33621,1
0.73115,1
0.45223,1
0.61748,1
0.90098,1
0.52622,1
0.58881,1
0.6119,1
0.35381,1
0.48389,1
0.4662,1
0.77068,1
0.74952,1
0.60651,1
0.53985,1
0.37247,1
0.47042,1
0.7089,1
0.69403,1
0.35805,1
0.64424,1
0.45099,1
0.63437,1
0.56661,1
0.36148,1
0.49946,1
0.4497,1
0.44517,1
0.29938,1
0.44927,1
0.53041,1
0.73352,1
0.65223,1
0.32524,1
0.38632,1
0.18475,1
0.20438,1
0.20325,1
0.47374,1
0.43796,1
0.59078,1
0.70444,1
0.55925,1
0.49427,1
0.38107,1
0.76471,1
0.64191,1
0.56705,1
0.61341,1
0.57265,1
0.58482,1
0.29534,1
0.45148,1
0.84223,1
0.86595,1
0.4427,1
0.46223,1
0.60601,1
0.81746,1
0.43896,1
0.55947,1
0.68756,1
0.50456,1
0.5895,1
0.48776,1
0.45535,1
0.41909,1
0.51176,1
0.44595,1
0.48853,1
0.43335,1
0.30939,1
0.38043,1
0.47279,1
0.41835,1
0.49123,1
0.66431,1
0.42906,1
0.81424,1
0.72996,1
0.62112,1
0.4025,1
0.92153,1
0.49691,1
0.51966,1
0.6002,1
0.42021,1
0.60894,1
0.44569,1
0.425,1
0.67108,1
0.50094,1
0.61734,1
0.56769,1
0.69996,1
0.55183,1
0.54823,1
0.57113,1
0.57938,1
0.48252,1
0.44029,1
0.78478,1
1.0083,1
0.69838,1
0.58047,1
0.44358,1
0.54781,1
0.51964,1
0.47089,1
0.72991,1
0.51302,1
0.51711,1
0.4297,1
0.72172,1
0.77668,1
0.37751,1
0.32985,1
0.33674,1
0.44935,1
0.32564,1
0.29982,1
0.53587,1
0.41902,1
0.71016,1
0.58588,1
0.63228,1
0.90153,1
0.70117,1
0.55948,1
0.58433,1
0.51002,1
0.30482,1
0.76506,1
0.73727,1
0.44421,1
0.69263,1
0.49451,1
0.25218,1
0.55368,1
0.46645,1
0.62683,1
0.46066,1
0.59619,1
0.37769,1
0.21787,1
0.40567,1
0.66677,1
0.61982,1
0.56985,1
0.70409,1
0.44755,1
0.71718,1
0.4648,1
0.36839,1
0.24473,1
0.56179,1
0.71201,1
0.75635,1
0.60415,1
0.62527,1
0.59427,1
0.69469,1
0.94409,1
0.40844,1
0.54312,1
0.66944,1
0.45562,1
0.5568,1
0.32827,1
0.60635,1
0.63027,1
0.42616,1
0.19382,1
0.61423,1
0.56018,1
0.45905,1
0.73244,1
0.53162,1
0.61008,1
0.32,1
0.46579,1
0.38582,1
0.29,1
0.66412,1
0.60292,1
0.52036,1
0.48342,1
0.3324,1
0.38938,1
0.62335,1
0.53792,1
0.33626,1
0.57343,1
0.44299,1
0.56927,1
0.41147,1
0.1891,1
0.47237,1
0.58652,1
0.53275,1
0.82358,1
0.4915,1
0.25466,1
0.40914,1
0.68105,1
0.59583,1
0.55039,1
0.55727,1
0.64904,1
0.69908,1
0.47762,1
0.63372,1
0.53415,1
0.81584,1
0.32781,1
0.39829,1
0.3899,1
0.4494,1
0.57378,1
0.52013,1
0.71036,1
0.46624,1
0.75787,1
0.59758,1
0.28884,1
0.55664,1
0.3328,1
0.34329,1
0.55535,1
0.43526,1
0.57896,1
0.48967,1
0.48514,1
0.66302,1
0.52024,1
0.39333,1
0.66667,1
0.53732,1
0.5651,1
0.66081,1
0.5219,1
0.53328,1
0.30772,1
0.52986,1
0.5939,1
0.6859,1
0.48044,1
0.54365,1
0.52226,1
0.58034,1
0.42016,1
0.5458,1
0.78494,1
0.62661,1
0.22891,1
0.72839,1
0.63909,1
0.57446,1
0.55664,1
0.44267,1
0.45853,1
0.30156,1
0.65801,1
0.70886,1
0.50997,1
0.54667,1
0.62563,1
0.66992,1
0.60407,1
0.2882,1
0.67357,1
0.44572,1
0.54371,1
0.26432,1
0.37252,1
0.35522,1
0.64343,1
0.30225,1
0.71129,1
0.69249,1
0.43726,1
0.48284,1
0.73839,1
0.71837,1
0.83027,1
0.60215,1
0.34562,1
0.80497,1
0.33304,1
0.52912,1
0.66119,1
0.51119,1
0.68441,1
0.78108,1
0.89224,1
0.42614,1
0.50805,1
0.53187,1
0.42078,1
0.50667,1
0.6985,1
0.67681,1
0.53548,1
0.60875,1
0.56088,1
0.3534,1
0.53537,1
0.47158,1
0.57017,1
0.31998,1
0.56889,1
0.48845,1
0.22052,1
0.56018,1
0.54088,1
0.51932,1
0.67419,1
0.53013,1
0.31056,1
0.5649,1
0.40194,1
0.24711,1
0.56406,1
0.40611,1
0.42369,1
0.40832,1
0.31932,1
0.57526,1
0.79933,1
0.52743,1
0.5205,1
0.459,1
0.52422,1
0.42362,1
0.33076,1
0.34971,1
0.41169,1
0.35375,1
0.55047,1
0.55135,1
0.59396,1
0.71797,1
0.67377,1
0.34254,1
0.70388,1
0.6876,1
0.46192,1
0.31875,1
0.54829,1
0.67584,1
0.41878,1
0.37371,1
0.68274,1
0.61365,1
0.44129,1
0.54529,1
0.56439,1
0.54985,1
0.41969,1
0.80334,1
0.78563,1
0.41772,1
0.35267,1
0.64177,1
0.66923,1
0.82503,1
0.47346,1
0.7239,1
0.41725,1
0.28427,1
0.71211,1
0.42506,1
0.30436,1
0.61888,1
0.57547,1
0.78882,1
0.67663,1
0.31125,1
0.45642,1
0.47153,1
0.40443,1
0.60964,1
0.32217,1
0.55943,1
0.9158,1
0.58846,1
0.86323,1
0.25461,1
0.79351,1
0.7523,1
0.31325,1
0.74283,1
0.54732,1
0.55608,1
0.57949,1
0.44396,1
0.355,1
0.45991,1
0.55924,1
0.31565,1
0.74221,1
0.61742,1
0.42832,1
0.26393,1
0.26939,1
0.8088,1
0.46045,1
0.37835,1
0.4437,1
0.55277,1
0.4937,1
0.5475,1
0.38523,1
0.71037,1
0.34816,1
0.32207,1
0.38175,1
0.76319,1
0.52196,1
0.37159,1
0.58483,1
0.58829,1
0.7871,1
0.55914,1
0.68835,1
0.48329,1
0.37122,1
0.84633,1
0.52141,1
0.39064,1
0.62051,1
0.60126,1
0.51379,1
0.53085,1
0.7246,1
0.64399,1
0.45397,1
0.64847,1
0.38223,1
0.65388,1
0.56662,1
0.59243,1
0.78602,1
0.40097,1
0.29635,1
0.71034,1
0.7353,1
0.64442,1
0.45741,1
0.56828,1
0.57585,1
0.51138,1
0.23622,1
0.72904,1
0.22376,1
0.68881,1
0.60004,1
0.57085,1
0.48459,1
0.52848,1
0.52401,1
0.37685,1
0.44778,1
0.60112,1
0.42367,1
0.22959,1
0.45608,1
0.34485,1
0.49857,1
0.37466,1
0.36843,1
0.45804,1
0.43818,1
0.5505,1
0.67914,1
0.44571,1
0.5088,1
0.40741,1
0.28292,1
0.50304,1
0.56572,1
0.58632,1
0.35605,1
0.39475,1
0.69129,1
0.43538,1
0.42286,1
0.22531,1
0.59422,1
0.41494,1
0.37951,1
0.34873,1
0.72871,1
0.27268,1
0.41817,1
0.53045,1
0.44664,1
0.28862,1
0.37321,1
0.68434,1
0.56458,1
0.47857,1
0.39523,1
0.50978,1
0.54161,1
0.32524,1
0.38106,1
0.50985,1
0.41289,1
0.21523,1
0.61281,1
0.27881,1
0.40968,1
0.55428,1
0.60964,1
0.83643,1
0.54141,1
0.38719,1
0.6603,1
0.48809,1
0.82475,1
0.67133,1
0.41783,1
0.5973,1
0.41009,1
0.3435,1
0.67075,1
0.50303,1
0.50024,1
0.44287,1
0.40486,1
0.62246,1
0.36573,1
0.64778,1
0.64109,1
0.52182,1
0.49819,1
0.40339,1
0.49779,1
0.50424,1
0.56521,1
0.546,1
0.64699,1
0.62222,1
0.82101,1
0.8037,1
0.68472,1
0.51511,1
0.38782,1
0.63299,1
0.25094,1
0.58668,1
0.66107,1
0.6982,1
0.37575,1
0.5789,1
0.69956,1
0.35535,1
0.31255,1
0.7248,1
0.35861,1
0.5473,1
0.37711,1
0.66749,1
0.40228,1
0.52165,1
0.46075,1
0.40362,1
0.22265,1
0.49124,1
0.59546,1
0.23169,1
0.17529,1
0.5985,1
0.76187,1
0.43537,1
0.27594,1
0.44628,1
0.30665,1
0.78989,1
0.52126,1
0.22239,1
0.69534,1
0.36731,1
0.38267,1
0.46191,1
0.25073,1
0.55833,1
0.50631,1
0.46729,1
0.44038,1
0.43249,1
0.4597,1
0.59089,1
0.30677,1
0.34403,1
0.55302,1
0.67333,1
0.75148,1
0.49194,1
0.48413,1
0.40115,1
0.48395,1
0.40135,1
0.55488,1
0.55778,1
0.30172,1
0.60122,1
0.54939,1
0.46727,1
0.45397,1
0.22591,1
0.48207,1
0.64243,1
0.42975,1
0.48313,1
0.6455,1
0.32154,1
0.62879,1
0.6307,1
0.32422,1
0.58623,1
0.52888,1
0.74504,1
0.60643,1
0.6001,1
0.48546,1
0.61194,1
0.54546,1
0.69794,1
0.50022,1
0.72043,1
0.43211,1
0.63662,1
0.45022,1
0.72845,1
0.5961,1
0.66788,1
0.52688,1
0.63636,1
0.52549,1
0.47459,1
0.51577,1
0.53128,1
0.44753,1
0.45243,1
0.68496,1
0.12316,1
0.33646,1
0.37324,1
0.85288,1
0.65406,1
0.85811,1
0.64792,1
0.75559,1
0.6801,1
0.66761,1
0.59366,1
0.49297,1
0.61768,1
0.67857,1
0.58265,1
0.66462,1
0.88142,1
0.44549,1
0.35865,1
0.48411,1
0.55405,1
0.43157,1
0.50786,1
0.42118,1
0.70742,1
0.27498,1
0.59451,1
0.59383,1
0.90018,1
0.55474,1
0.38949,1
0.31356,1
0.80075,1
0.53773,1
0.68591,1
0.7329,1
0.46662,1
0.70883,1
0.70349,1
0.5382,1
0.3037,1
0.47396,1
0.59665,1
0.32247,1
0.42317,1
0.52142,1
0.81514,1
0.48512,1
0.57266,1
0.5325,1
0.3129,1
0.22448,1
0.57277,1
0.71182,0
0.64932,0
0.2613,0
0.40391,0
0.16032,0
0.60986,0
0.38145,0
0.6853,0
0.58079,0
0.55274,0
0.50924,0
0.54024,0
0.74155,0
0.65318,0
0.30744,0
0.44812,0
0.61466,0
0.51823,0
0.57718,0
0.7183,0
0.35557,0
0.65363,0
0.54814,0
0.81215,0
0.96717,0
0.50132,0
0.65508,0
0.34646,0
0.66683,0
0.56959,0
0.57631,0
0.48166,0
0.54873,0
0.5915,0
0.47082,0
0.35601,0
0.46637,0
0.59062,0
1.013,0
0.40926,0
0.74232,0
0.57185,0
0.35506,0
0.64904,0
0.88095,0
0.46761,0
0.79531,0
0.89371,0
0.66587,0
0.98738,0
0.65341,0
0.68343,0
0.35575,0
0.60327,0
0.48769,0
0.55534,0
0.42753,0
0.16017,0
0.45719,0
0.6117,0
0.83583,0
0.38538,0
0.83214,0
0.8242,0
0.41175,0
0.47917,0
0.23219,0
0.26901,0
0.79164,0
0.67559,0
0.75045,0
0.49428,0
0.37764,0
0.77009,0
0.5953,0
0.88146,0
0.46722,0
0.56415,0
0.49268,0
0.71764,0
0.65411,0
0.48514,0
0.50715,0
0.4512,0
0.59691,0
0.31922,0
0.54353,0
0.62904,0
0.2155,0
0.46217,0
0.54691,0
0.56975,0
0.48705,0
0.45279,0
0.66132,0
0.43275,0
0.37003,0
0.61885,0
0.61023,0
0.3879,0
0.44104,0
0.6286,0
0.6574,0
0.58935,0
0.37337,0
0.45454,0
0.58791,0
0.6685,0
0.48236,0
0.5694,0
0.28029,0
0.58589,0
0.58048,0
0.65288,0
0.77532,0
0.6406,0
0.57481,0
0.30844,0
0.60679,0
0.7661,0
0.44742,0
0.61626,0
0.43217,0
0.55546,0
0.63445,0
0.63011,0
0.45822,0
0.4479,0
0.31709,0
0.64065,0
0.74983,0
0.53734,0
0.42744,0
0.5699,0
0.64743,0
0.523,0
0.69768,0
0.55914,0
0.45695,0
0.58121,0
0.3835,0
0.61518,0
0.81806,0
0.51613,0
0.54787,0
0.63573,0
0.44529,0
0.57701,0
0.24353,0
0.69114,0
0.42206,0
0.51254,0
0.42979,0
0.48283,0
0.54515,0
0.61248,0
0.72223,0
0.61936,0
0.66988,0
0.5511,0
0.68582,0
0.27328,0
0.73014,0
0.26796,0
0.63392,0
0.43206,0
0.56162,0
0.48122,0
0.56809,0
0.45557,0
0.60618,0
0.69221,0
0.39548,0
0.51952,0
0.62616,0
0.55128,0
0.74618,0
0.2323,0
0.18173,0
0.56985,0
0.41051,0
0.92382,0
0.55866,0
0.2309,0
0.58347,0
0.71107,0
0.68568,0
0.55855,0
0.48418,0
0.7969,0
0.27047,0
0.61881,0
0.54601,0
0.23542,0
0.70346,0
0.51382,0
0.88908,0
0.4468,0
0.69867,0
0.67857,0
0.56599,0
0.65173,0
0.93479,0
0.35378,0
0.62025,0
0.34207,0
0.59563,0
0.27586,0
0.63226,0
0.684,0
0.44087,0
0.44721,0
0.53925,0
0.62964,0
0.62031,0
0.60522,0
0.48772,0
0.3681,0
0.40656,0
0.77959,0
0.63863,0
0.77255,0
0.40539,0
0.78436,0
0.49247,0
0.5433,0
0.69147,0
0.52407,0
0.54329,0
0.73941,0
0.45548,0
0.56073,0
0.54197,0
0.81945,0
0.78597,0
0.49349,0
0.65047,0
0.65721,0
0.69456,0
0.52065,0
0.81697,0
0.66581,0
0.33258,0
0.59284,0
0.84552,0
0.63723,0
0.71964,0
0.55877,0
0.42146,0
0.44779,0
0.4333,0
0.46753,0
0.4434,0
0.55097,0
0.42315,0
0.47001,0
0.54738,0
0.47371,0
0.60508,0
0.50836,0
0.54943,0
0.39347,0
0.61605,0
0.6161,0
0.3344,0
0.7139,0
0.6427,0
0.40443,0
0.8183,0
0.35286,0
0.25129,0
0.57926,0
0.32177,0
0.24457,0
0.48571,0
0.31953,0
0.27056,0
0.60528,0
0.39036,0
0.85868,0
0.31566,0
0.17397,0
0.52927,0
0.41773,0
0.5828,0
0.67331,0
0.35362,0
0.73135,0
0.5978,0
0.56778,0
0.39435,0
0.43704,0
0.50156,0
0.363,0
0.40355,0
0.19157,0
0.3643,0
0.53331,0
0.30709,0
0.47755,0
0.522,0
0.49027,0
0.50056,0
0.29577,0
0.47673,0
0.54993,0
0.29841,0
0.44586,0
0.33908,0
0.74805,0
0.58471,0
0.57105,0
0.53631,0
0.64246,0
0.6136,0
0.63783,0
0.86402,0
0.3157,0
0.45749,0
0.56633,0
0.69844,0
0.40736,0
0.45119,0
0.39348,0
0.41451,0
0.43952,0
0.46488,0
0.74289,0
0.71954,0
0.38381,0
0.75864,0
0.52642,0
0.319,0
0.26817,0
0.60929,0
0.2162,0
0.59969,0
0.55861,0
0.27677,0
0.57816,0
0.26673,0
0.78308,0
0.33576,0
0.32674,0
0.53281,0
0.55581,0
0.7357,0
0.55352,0
0.76423,0
0.56825,0
0.47102,0
0.35782,0
0.44608,0
0.7636,0
0.68301,0
0.38731,0
0.49072,0
0.37977,0
0.78346,0
0.34502,0
0.65191,0
0.40033,0
0.40909,0
0.48998,0
0.34135,0
0.61413,0
0.72121,0
0.49273,0
0.69689,0
0.41884,0
0.33823,0
0.49203,0
0.57921,0
0.5015,0
0.61458,0
0.80184,0
0.72218,0
0.5779,0
0.73503,0
0.58273,0
0.86925,0
0.46731,0
0.35926,0
0.5736,0
0.69348,0
0.74244,0
0.38687,0
0.6567,0
0.43,0
0.62081,0
0.58646,0
0.73652,0
0.65668,0
0.49706,0
0.46481,0
0.4723,0
0.52856,0
0.46831,0
0.33149,0
0.71154,0
0.41266,0
0.53693,0
0.47568,0
0.6726,0
0.52364,0
0.35764,0
0.38577,0
0.37208,0
0.4789,0
0.57274,0
0.63447,0
0.62489,0
0.36045,0
0.62907,0
0.41174,0
0.61135,0
0.4254,0
0.49224,0
0.64487,0
0.51028,0
0.52313,0
0.51558,0
0.49097,0
0.51803,0
0.36969,0
0.51249,0
0.71504,0
0.945,0
0.5734,0
0.47577,0
0.48903,0
0.62192,0
0.32462,0
0.48616,0
0.61479,0
0.44997,0
0.47582,0
0.38316,0
0.6583,0
0.62204,0
0.52011,0
0.67974,0
0.43835,0
0.61574,0
0.73192,0
0.50956,0
0.5887,0
0.69079,0
0.48962,0
0.49519,0
0.63143,0
0.64282,0
0.51791,0
0.39423,0
0.51585,0
0.57352,0
0.59931,0
0.63313,0
0.30554,0
0.7609,0
0.56269,0
0.50419,0
0.66601,0
0.42933,0
0.42851,0
0.35523,0
0.8631,0
0.57796,0
0.48114,0
0.24042,0
0.56012,0
0.41422,0
0.44604,0
0.31488,0
0.46565,0
0.58061,0
0.74325,0
0.75294,0
0.67281,0
0.82548,0
0.36985,0
0.53834,0
0.80801,0
0.52289,0
0.55014,0
0.3314,0
0.60338,0
0.25209,0
0.30103,0
0.3991,0
0.58824,0
0.54985,0
0.46724,0
0.5808,0
0.61679,0
0.58423,0
0.67411,0
0.40015,0
0.60535,0
0.25314,0
0.50971,0
0.39771,0
0.507,0
0.4632,0
0.67612,0
0.49904,0
0.69882,0
0.50272,0
0.26267,0
0.44382,0
0.6594,0
0.55857,0
0.21171,0
0.59992,0
0.55771,0
0.56307,0
0.52226,0
0.24071,0
0.40895,0
0.49527,0
0.46113,0
0.45045,0
0.2446,0
0.32014,0
0.36244,0
0.19583,0
0.59965,0
0.79076,0
0.84038,0
0.57092,0
0.74637,0
0.49977,0
0.49508,0
0.58648,0
0.81066,0
0.56913,0
0.43398,0
0.32123,0
0.71576,0
0.86136,0
0.68059,0
0.36986,0
0.49901,0
0.67194,0
0.80462,0
0.70639,0
0.37589,0
0.58649,0
0.26963,0
0.52244,0
0.76973,0
0.46696,0
0.46028,0
0.48287,0
0.71127,0
0.53066,0
0.3642,0
0.35198,0
0.69539,0
0.91065,0
0.45041,0
0.59329,0
0.57271,0
0.68845,0
0.69282,0
0.82351,0
0.63995,0
0.60923,0
0.63079,0
0.7905,0
0.69932,0
0.42749,0
0.38908,0
0.45706,0
0.62281,0
0.51596,0
0.44227,0
0.76056,0
0.57572,0
0.50753,0
0.30569,0
0.31658,0
0.38693,0
0.74661,0
0.65541,0
0.37871,0
0.50454,0
0.66939,0
0.79819,0
0.54411,0
0.30936,0
0.81232,0
0.6051,0
0.53871,0
0.25255,0
0.34334,0
0.44054,0
0.60117,0
0.41858,0
0.57528,0
0.674,0
0.447,0
0.5474,0
0.75637,0
0.91957,0
0.31125,0
0.17033,0
0.69775,0
0.60661,0
0.4837,0
0.72857,0
0.56024,0
0.39633,0
0.37046,0
0.37038,0
0.44961,0
0.89191,0
0.73049,0
0.48994,0
0.34848,0
0.51575,0
0.48569,0
0.56796,0
0.45075,0
0.6652,0
0.34258,0
0.41881,0
0.47022,0
0.39714,0
0.57191,0
0.35316,0
0.49365,0
0.61113,0
0.15687,0
0.38969,0
0.61238,0
0.51195,0
0.64531,0
0.61808,0
0.2345,0
0.4003,0
0.46864,0
0.45254,0
0.62897,0
0.57497,0
0.28831,0
0.51837,0
0.47448,0
0.58439,0
0.47441,0
0.42581,0
0.18634,0
0.5965,0
0.40003,0
0.58684,0
0.69722,0
0.26339,0
0.55919,0
0.5547,0
0.53778,0
0.53488,0
0.77107,0
0.50086,0
0.59221,0
0.64475,0
0.71943,0
0.69724,0
0.73466,0
0.68473,0
0.36646,0
0.50313,0
0.59768,0
0.81058,0
0.32581,0
0.45546,0
0.69689,0
0.45858,0
0.3878,0
0.60416,0
0.44014,0
0.54865,0
0.53688,0
0.52222,0
0.70291,0
0.58892,0
0.33057,0
0.41202,0
0.45442,0
0.77227,0
0.61307,0
0.63535,0
0.52659,0
0.40874,0
0.53145,0
0.49544,0
0.53234,0
0.61695,0
0.45859,0
0.69352,0
0.52922,0
0.40322,0
0.36048,0
0.4835,0
0.37473,0
0.3986,0
0.42617,0
0.81841,0
0.58788,0
0.4411,0
0.42242,0
0.51469,0
0.49863,0
0.46569,0
0.4506,0
0.58211,0
0.61631,0
0.46317,0
0.51576,0
0.38576,0
0.50055,0
0.35945,0
0.40683,0
0.31304,0
0.29385,0
0.65093,0
0.48077,0
0.60511,0
0.58371,0
0.31532,0
0.3822,0
0.64063,0
0.5675,0
0.42143,0
0.32403,0
0.54615,0
0.53072,0
0.66441,0
0.31883,0
0.73982,0
0.65397,0
0.60328,0
0.63467,0
0.495,0
0.84976,0
0.306,0
0.38608,0
0.77887,0
0.37193,0
0.3428,0
0.59905,0
0.55566,0
0.48831,0
0.26731,0
0.81534,0
0.34894,0
0.25709,0
0.30152,0
0.56809,0
0.5562,0
0.33476,0
0.81018,0
0.48682,0
0.22459,0
0.61797,0
0.46873,0
0.70879,0
0.70503,0
0.46106,0
0.46032,0
0.66152,0
0.69944,0
0.49028,0
0.43634,0
0.5489,0
0.64775,0
0.62723,0
0.63335,0
0.41832,0
0.59457,0
0.80231,0
0.43613,0
0.11686,0
0.30476,0
0.22952,0
0.59576,0
0.53521,0
0.40847,0
0.34082,0
0.32489,0
0.72154,0
0.58166,0
0.44858,0
0.41334,0
0.48381,0
0.57921,0
0.61023,0
0.44171,0
0.40063,0
0.60603,0
0.58817,0
0.40366,0
0.41099,0
0.42324,0
0.35189,0
0.30172,0
0.55803,0
0.486,0
0.3527,0
0.55601,0
0.52452,0
0.54429,0
0.25434,0
0.81091,0
0.60297,0
0.69389,0
0.70416,0
0.74205,0
0.65091,0
0.43169,0
0.72061,0
0.45158,0
0.64202,0
0.81015,0
0.66836,0
0.43571,0
0.55396,0
0.76735,0
0.39984,0
0.71562,0
0.59208,0
0.69362,0
0.7004,0
0.17898,0
0.4562,0
0.52886,0
0.68022,0
0.57787,0
0.90665,0
0.27023,0
0.25638,0
0.71597,0
0.41685,0
0.13299,0
0.66716,0
0.33119,0
0.26458,0
0.41197,0
0.72464,0
0.4318,0
0.79108,0
0.40513,0
0.38898,0
0.61978,0
0.59724,0
0.37233,0
0.6855,0
0.91121,0
0.63688,0
0.425,0
0.26069,0
0.76284,0
0.67963,0
0.56551,0
0.62205,0
0.53751,0
0.52223,0
0.62243,0
0.24467,0
0.55349,0
0.48119,0
0.73282,0
0.30892,0
0.15465,0
0.39677,0
0.35643,0
0.5866,0
0.88646,0
0.57226,0
0.42695,0
0.57569,0
0.65175,0
0.80076,0
0.83075,0
0.57132,0
0.41969,0
0.88539,0
0.86128,0
0.77832,0
0.55054,0
0.53049,0
0.78187,0
0.62292,0
0.49008,0
0.62319,0
0.22802,0
0.53136,0
0.33744,0
0.57557,0
0.4568,0
0.59728,0
0.35456,0
0.25176,0
0.8696,0
0.33421,0
0.57942,0
0.71338,0
0.58896,0
0.61217,0
0.60243,0
0.32959,0
0.89937,0
0.61239,0
0.57407,0
0.68585,0
0.47621,0
0.44755,0
0.63477,0
0.36936,0
0.39834,0
0.51244,0
0.7052,0
0.56347,0
0.5497,0
0.47504,0
0.57044,0
0.66191,0
0.68075,0
0.36174,0
0.51786,0
0.44151,0
0.66183,0
0.53341,0
0.74027,0
0.83252,0
0.4233,0
0.45499,0
0.41043,0
0.44887,0
0.26866,0
0.31492,0
0.58214,0
0.67421,0
0.51064,0
0.29309,0
0.51801,0
0.31725,0
0.61326,0
0.33496,0
0.24562,0
0.65675,0
0.57719,0
0.51264,0
0.74158,0
0.51801,0
0.55973,0
0.66671,0
0.6117,0
0.29073,0
0.25889,0
0.38664,0
0.63882,0
0.35383,0
0.52753,0
0.86652,0
0.47185,0
0.3944,0
0.43014,0
0.38319,0
0.30122,0
0.84849,0
0.15692,0
0.36958,0
0.35193,0
0.33818,0
0.60831,0
0.61401,0
0.60151,0
0.76342,0
0.57077,0
0.49639,0
0.88688,0
0.50329,0
0.39979,0
0.6494,0
0.67271,0
0.30314,0
0.35678,0
0.52815,0
0.43933,0
0.20173,0
0.50308,0
0.42457,0
0.56979,0
0.38043,0
0.36322,0
0.278,0
0.55567,0
0.55754,0
0.58704,0
0.47453,0
0.48728,0
0.38866,0
0.51457,0
0.55107,0
0.53036,0
0.60531,0
0.50847,0
0.71421,0
0.79974,0
0.31307,0
0.43044,0
0.70612,0
0.35131,0
0.56863,0
0.5172,0
0.36079,0
0.29306,0
0.52875,0
0.56796,0
0.66814,0
0.57433,0
0.47363,0
0.75169,0
0.57632,0
0.23482,0
0.28341,0
0.31625,0
0.35238,0
0.77105,0
0.71782,0
0.61056,0
0.25173,0
0.45188,0
0.58527,0
0.19859,0
0.44177,0
0.38232,0
0.30744,0
0.30943,0
0.37342,0
0.29498,0
0.41257,0
0.45694,0
0.45059,0
0.33369,0
0.69233,0
0.69288,0
0.30009,0
0.39216,0
0.42475,0
0.20659,0
0.65833,0
0.55132,0
0.59926,0
0.46564,0
0.49256,0
0.64044,0
0.51246,0
0.162,0
0.72371,0
0.36765,0
0.55452,0
0.35972,0
0.41259,0
0.60416,0
0.65172,0
0.51986,0
0.44232,0
0.36572,0
0.21197,0
0.3369,0
0.55534,0
0.24058,0
0.56003,0
0.27178,0
0.44513,0
0.59527,0
0.66208,0
0.59655,0
0.51348,0
0.27069,0
0.60357,0
0.66816,0
0.71232,0
0.84389,0
0.62387,0
0.51948,0
0.4848,0
0.71509,0
0.56421,0
0.63136,0
0.42481,0
0.70894,0
0.53133,0
0.5993,0
0.801,0
0.49349,0
0.66719,0
0.72714,0
0.68613,0
0.3896,0
0.39526,0
0.80395,0
0.60395,0
0.40237,0
0.69819,0
0.32273,0
0.67776,0
0.57133,0
0.67208,0
0.43501,0
0.3176,0
0.64798,0
0.48901,0
0.51302,0
0.48247,0
0.6268,0
0.36221,0
0.584,0
0.43676,0
0.78943,0
0.32686,0
0.57405,0
0.7944,0
0.46505,0
0.51302,0
0.48388,0
0.75081,0
0.38557,0
0.43314,0
0.53562,0
0.77507,0
0.54008,0
0.17359,0
0.46009,0
0.44533,0
0.5772,0
0.45892,0
0.6121,0
0.25745,0
0.39622,0
0.63853,0
0.53491,0
0.52091,0
0.68214,0
0.86799,0
0.74752,0
0.38491,0
0.4008,0
0.54512,0
0.72925,0
0.81423,0
0.73638,0
0.45026,0
0.32826,0
0.41246,0
0.63576,0
0.65987,0
0.62499,0
0.25389,0
0.63855,0
0.83118,0
0.86777,0
0.47016,0
0.45221,0
0.432,0
0.75685,0
0.44879,0
0.58139,0
0.62513,0
0.25074,0
0.57711,0
0.38502,0
0.35255,0
0.26586,0
0.32365,0
0.53256,0
0.67349,0
0.29154,0
0.8731,0
0.60187,0
0.78163,0
0.42303,0
0.56057,0
0.70253,0
0.42621,0
0.47157,0
0.73101,0
0.58162,0
0.60446,0
0.31285,0
0.65124,0
0.5847,0
0.41799,0
0.26076,0
0.34902,0
0.48118,0
0.55433,0
0.37241,0
0.853,0
0.55214,0
0.78493,0
0.55483,0
0.70671,0
0.66599,0
0.79803,0
0.54034,0
0.69676,0
0.48278,0
0.62149,0
0.5676,0
0.35282,0
0.7463,0
0.65733,0
0.69317,0
0.73525,0
0.35861,0
0.87073,0
0.86034,0
0.66706,0
0.46697,0
0.58069,0
0.72837,0
0.65004,0
0.33907,0
0.71042,0
0.50734,0
0.57339,0
0.63403,0
0.56111,0
0.38422,0
0.32353,0
0.39287,0
0.6598,0
0.52218,0
0.47514,0
0.43782,0
0.26788,0
0.58596,0
0.83388,0
0.32892,0
0.43712,0
0.36957,0
0.80064,0
0.69124,0
0.62626,0
0.65795,0
0.75948,0
0.70397,0
0.68438,0
